기간	자치구	동	계	1인가구	2인가구	3인가구	4인가구	5인가구	6인가구	7인이상 가구
2015	종로구	소계	61,580 	22,776 	15,314 	11,272 	8,840 	2,535 	628 	215 
2015	종로구	사직동	3,562 	1,125 	1,006 	731 	500 	145 	40 	15 
2015	종로구	삼청동	1,092 	363 	296 	214 	151 	45 	14 	9 
2015	종로구	부암동	3,841 	995 	1,082 	836 	660 	190 	53 	25 
2015	종로구	평창동	6,310 	1,252 	1,709 	1,573 	1,248 	388 	105 	35 
2015	종로구	무악동	2,823 	508 	698 	734 	692 	153 	29 	9 
2015	종로구	교남동	1,888 	653 	523 	339 	288 	66 	15 	X 
2015	종로구	가회동	1,843 	590 	507 	371 	261 	90 	18 	6 
2015	종로구	종로1.2.3.4가동	3,733 	2,299 	820 	321 	208 	56 	18 	11 
2015	종로구	종로5·6가동	2,376 	1,100 	597 	335 	258 	73 	10 	X 
2015	종로구	이화동	3,981 	1,880 	907 	581 	453 	121 	30 	9 
2015	종로구	창신1동	2,465 	1,029 	641 	413 	267 	97 	15 	X 
2015	종로구	창신2동	3,774 	1,211 	997 	731 	606 	174 	41 	14 
2015	종로구	창신3동	2,635 	508 	714 	691 	506 	169 	37 	10 
2015	종로구	숭인1동	2,740 	931 	734 	522 	408 	108 	29 	8 
2015	종로구	숭인2동	4,478 	2,206 	1,080 	598 	450 	113 	21 	10 
2015	종로구	청운효자동	4,920 	1,232 	1,258 	1,104 	965 	260 	79 	22 
2015	종로구	혜화동	9,119 	4,894 	1,745 	1,178 	919 	287 	74 	22 
2015	중구	소계	51,205 	19,161 	13,157 	9,392 	6,987 	1,879 	483 	146 
2015	중구	소공동	517 	263 	122 	76 	41 	9 	6 	X 
2015	중구	회현동	2,343 	1,174 	575 	313 	208 	51 	17 	5 
2015	중구	명동	1,191 	657 	257 	158 	93 	19 	5 	X 
2015	중구	필동	2,168 	1,199 	472 	264 	167 	46 	15 	5 
2015	중구	장충동	2,675 	1,403 	597 	347 	225 	81 	16 	6 
2015	중구	광희동	2,269 	1,133 	561 	293 	215 	51 	13 	X 
2015	중구	을지로동	914 	589 	209 	64 	37 	13 	X 	X 
2015	중구	신당5동	4,143 	1,492 	1,041 	781 	596 	184 	37 	12 
2015	중구	황학동	5,301 	2,128 	1,360 	926 	656 	176 	43 	12 
2015	중구	중림동	3,541 	1,322 	914 	661 	471 	123 	38 	12 
2015	중구	신당동	3,401 	1,613 	806 	497 	353 	103 	21 	8 
2015	중구	다산동	6,103 	2,000 	1,681 	1,156 	908 	265 	73 	20 
2015	중구	약수동	7,118 	1,887 	2,111 	1,623 	1,140 	266 	76 	15 
2015	중구	청구동	5,747 	1,613 	1,570 	1,218 	1,008 	258 	59 	21 
2015	중구	동화동	3,774 	688 	881 	1,015 	869 	234 	63 	24 
2015	용산구	소계	90,313 	31,025 	23,776 	17,826 	13,222 	3,436 	788 	240 
2015	용산구	후암동	7,184 	2,411 	1,850 	1,420 	1,122 	306 	56 	19 
2015	용산구	용산2가동	4,820 	1,711 	1,348 	933 	612 	168 	41 	7 
2015	용산구	남영동	3,919 	2,403 	793 	373 	261 	67 	18 	X 
2015	용산구	원효로2동	5,418 	1,290 	1,354 	1,299 	1,092 	304 	54 	25 
2015	용산구	효창동	3,430 	804 	946 	784 	640 	187 	49 	20 
2015	용산구	용문동	4,626 	1,098 	1,285 	1,048 	909 	228 	49 	9 
2015	용산구	이촌1동	8,490 	1,227 	2,265 	2,385 	2,033 	438 	108 	34 
2015	용산구	이촌2동	3,370 	684 	1,088 	817 	580 	141 	49 	11 
2015	용산구	이태원1동	3,056 	1,328 	804 	519 	288 	83 	29 	5 
2015	용산구	이태원2동	4,058 	1,599 	1,139 	687 	469 	120 	32 	12 
2015	용산구	서빙고동	4,541 	1,036 	1,157 	1,067 	944 	265 	59 	13 
2015	용산구	보광동	6,952 	2,882 	1,753 	1,211 	834 	209 	49 	14 
2015	용산구	청파동	9,567 	4,393 	2,144 	1,512 	1,109 	319 	69 	21 
2015	용산구	원효로1동	5,599 	1,939 	1,503 	1,125 	798 	181 	37 	16 
2015	용산구	한강로동	6,194 	2,377 	1,842 	1,112 	664 	159 	33 	7 
2015	용산구	한남동	9,089 	3,843 	2,505 	1,534 	867 	261 	56 	23 
2015	성동구	소계	114,719 	35,259 	28,415 	24,622 	20,125 	4,748 	1,220 	330 
2015	성동구	왕십리2동	6,044 	1,776 	1,432 	1,375 	1,098 	271 	74 	18 
2015	성동구	마장동	9,414 	2,997 	2,243 	1,965 	1,671 	387 	114 	37 
2015	성동구	사근동	6,976 	4,322 	1,198 	688 	546 	170 	39 	13 
2015	성동구	행당1동	5,927 	2,015 	1,467 	1,161 	957 	250 	60 	17 
2015	성동구	행당2동	8,727 	1,405 	2,262 	2,345 	2,151 	435 	102 	27 
2015	성동구	응봉동	5,572 	864 	1,404 	1,471 	1,376 	345 	89 	23 
2015	성동구	금호1가동	4,876 	1,091 	1,288 	1,219 	969 	227 	69 	13 
2015	성동구	금호4가동	5,438 	1,337 	1,515 	1,373 	952 	196 	49 	16 
2015	성동구	성수1가1동	6,432 	1,833 	1,577 	1,384 	1,299 	268 	55 	16 
2015	성동구	성수1가2동	7,079 	2,522 	1,766 	1,348 	1,097 	263 	71 	12 
2015	성동구	성수2가1동	7,682 	2,645 	1,839 	1,586 	1,209 	294 	89 	20 
2015	성동구	성수2가3동	4,719 	1,701 	1,144 	882 	708 	217 	56 	11 
2015	성동구	송정동	4,982 	1,977 	1,175 	880 	737 	172 	29 	12 
2015	성동구	용답동	6,777 	2,699 	1,642 	1,196 	945 	218 	63 	14 
2015	성동구	왕십리도선동	7,620 	2,292 	1,862 	1,668 	1,348 	347 	81 	22 
2015	성동구	금호2.3가동	8,188 	1,921 	2,217 	2,000 	1,548 	376 	91 	35 
2015	성동구	옥수동	8,266 	1,862 	2,384 	2,081 	1,514 	312 	89 	24 
2015	광진구	소계	147,718 	54,210 	33,112 	28,603 	24,511 	5,595 	1,284 	403 
2015	광진구	화양동	15,466 	11,126 	2,297 	1,057 	747 	183 	42 	14 
2015	광진구	군자동	10,846 	5,696 	2,128 	1,498 	1,157 	275 	69 	23 
2015	광진구	중곡1동	6,749 	2,490 	1,823 	1,254 	904 	203 	58 	17 
2015	광진구	중곡2동	8,830 	2,870 	2,244 	1,806 	1,482 	328 	80 	20 
2015	광진구	중곡3동	7,229 	2,478 	1,822 	1,485 	1,113 	263 	50 	18 
2015	광진구	중곡4동	11,624 	3,049 	2,888 	2,731 	2,223 	554 	140 	39 
2015	광진구	능동	5,607 	2,796 	1,278 	809 	535 	141 	39 	9 
2015	광진구	구의1동	10,309 	4,587 	2,359 	1,715 	1,240 	325 	59 	24 
2015	광진구	구의2동	9,358 	2,474 	2,371 	2,109 	1,789 	466 	108 	41 
2015	광진구	구의3동	10,431 	2,445 	2,487 	2,581 	2,324 	448 	113 	33 
2015	광진구	광장동	11,113 	1,411 	2,020 	3,079 	3,727 	688 	144 	44 
2015	광진구	자양1동	9,762 	3,950 	2,269 	1,706 	1,375 	358 	83 	21 
2015	광진구	자양2동	9,896 	2,525 	2,384 	2,383 	1,973 	481 	111 	39 
2015	광진구	자양3동	10,067 	1,755 	2,317 	2,659 	2,613 	573 	111 	39 
2015	광진구	자양4동	10,431 	4,558 	2,425 	1,731 	1,309 	309 	77 	22 
2015	동대문구	소계	146,677 	52,884 	34,156 	28,136 	23,382 	6,029 	1,615 	475 
2015	동대문구	회기동	6,566 	4,030 	1,093 	705 	558 	143 	30 	7 
2015	동대문구	휘경1동	6,954 	3,395 	1,512 	1,037 	739 	211 	49 	11 
2015	동대문구	휘경2동	10,223 	3,616 	2,202 	1,959 	1,877 	410 	119 	40 
2015	동대문구	청량리동	9,133 	3,060 	2,511 	1,738 	1,327 	371 	106 	20 
2015	동대문구	용신동	13,654 	5,803 	3,356 	2,256 	1,644 	456 	103 	36 
2015	동대문구	제기동	11,371 	4,542 	2,877 	1,900 	1,503 	413 	101 	35 
2015	동대문구	전농1동	12,819 	4,986 	2,935 	2,414 	1,873 	469 	98 	44 
2015	동대문구	전농2동	7,261 	1,491 	1,783 	1,828 	1,597 	416 	121 	25 
2015	동대문구	답십리1동	9,885 	3,042 	2,323 	2,119 	1,769 	464 	131 	37 
2015	동대문구	답십리2동	10,325 	2,262 	2,658 	2,499 	2,190 	529 	152 	35 
2015	동대문구	장안1동	13,675 	3,841 	3,275 	3,041 	2,598 	647 	204 	69 
2015	동대문구	장안2동	11,269 	2,668 	2,621 	2,738 	2,414 	626 	156 	46 
2015	동대문구	이문1동	15,227 	7,966 	3,001 	2,071 	1,620 	414 	122 	33 
2015	동대문구	이문2동	8,315 	2,182 	2,009 	1,831 	1,673 	460 	123 	37 
2015	중랑구	소계	157,537 	45,138 	40,248 	34,528 	28,363 	7,145 	1,680 	435 
2015	중랑구	면목2동	10,703 	3,369 	2,745 	2,238 	1,777 	438 	107 	29 
2015	중랑구	면목4동	8,295 	2,292 	2,207 	1,892 	1,425 	366 	94 	19 
2015	중랑구	면목5동	4,602 	1,397 	1,230 	993 	735 	191 	42 	14 
2015	중랑구	면목7동	9,302 	2,839 	2,401 	1,999 	1,544 	389 	102 	28 
2015	중랑구	상봉1동	8,922 	1,748 	2,062 	2,264 	2,207 	506 	95 	40 
2015	중랑구	상봉2동	8,379 	3,707 	2,112 	1,375 	913 	188 	63 	21 
2015	중랑구	중화1동	7,604 	1,675 	2,079 	1,874 	1,498 	361 	86 	31 
2015	중랑구	중화2동	12,234 	4,774 	3,181 	2,214 	1,563 	412 	69 	21 
2015	중랑구	묵1동	12,134 	2,549 	3,009 	3,077 	2,595 	713 	158 	33 
2015	중랑구	묵2동	7,659 	2,390 	1,973 	1,605 	1,238 	361 	74 	18 
2015	중랑구	망우3동	7,150 	2,216 	1,905 	1,528 	1,147 	254 	81 	19 
2015	중랑구	신내1동	12,987 	1,610 	2,963 	3,325 	3,676 	1,118 	252 	43 
2015	중랑구	신내2동	8,534 	1,771 	2,315 	2,145 	1,809 	386 	85 	23 
2015	중랑구	면목본동	14,836 	5,225 	3,793 	2,878 	2,251 	534 	124 	31 
2015	중랑구	면목3.8동	11,422 	3,756 	2,944 	2,350 	1,817 	398 	125 	32 
2015	중랑구	망우본동	12,774 	3,820 	3,329 	2,771 	2,168 	530 	123 	33 
2015	성북구	소계	174,257 	52,005 	41,763 	37,428 	32,357 	8,118 	2,009 	577 
2015	성북구	돈암1동	6,017 	1,273 	1,639 	1,451 	1,247 	325 	62 	20 
2015	성북구	돈암2동	7,372 	965 	1,717 	1,977 	2,009 	537 	119 	48 
2015	성북구	안암동	9,119 	5,492 	1,563 	1,036 	775 	197 	42 	14 
2015	성북구	보문동	6,139 	2,403 	1,436 	1,127 	900 	215 	47 	11 
2015	성북구	정릉1동	6,769 	1,527 	1,597 	1,713 	1,439 	347 	112 	34 
2015	성북구	정릉2동	8,676 	1,948 	2,203 	2,127 	1,770 	478 	121 	29 
2015	성북구	정릉3동	7,112 	2,874 	1,681 	1,217 	990 	253 	76 	21 
2015	성북구	정릉4동	9,775 	2,195 	2,512 	2,391 	2,004 	513 	125 	35 
2015	성북구	길음1동	11,980 	1,636 	2,655 	3,332 	3,398 	711 	195 	53 
2015	성북구	길음2동	6,065 	1,666 	1,540 	1,344 	1,160 	258 	77 	20 
2015	성북구	월곡1동	9,655 	1,911 	2,349 	2,377 	2,275 	571 	128 	44 
2015	성북구	월곡2동	8,247 	2,736 	1,857 	1,755 	1,397 	373 	104 	25 
2015	성북구	장위1동	8,398 	2,012 	2,254 	1,930 	1,645 	424 	105 	28 
2015	성북구	장위2동	7,644 	1,989 	2,128 	1,683 	1,364 	384 	74 	22 
2015	성북구	장위3동	5,194 	1,338 	1,387 	1,167 	967 	254 	62 	19 
2015	성북구	성북동	7,026 	2,569 	1,817 	1,220 	1,013 	295 	84 	28 
2015	성북구	삼선동	11,391 	4,382 	2,664 	2,026 	1,749 	438 	100 	32 
2015	성북구	동선동	8,183 	4,376 	1,691 	1,055 	762 	228 	60 	11 
2015	성북구	종암동	15,619 	4,419 	3,608 	3,486 	3,118 	758 	174 	56 
2015	성북구	석관동	13,876 	4,294 	3,465 	3,014 	2,375 	559 	142 	27 
2015	강북구	소계	125,666 	35,787 	33,501 	27,585 	21,533 	5,501 	1,332 	427 
2015	강북구	번1동	8,924 	3,723 	2,164 	1,531 	1,151 	270 	60 	25 
2015	강북구	번2동	6,955 	1,635 	2,114 	1,642 	1,158 	309 	78 	19 
2015	강북구	번3동	7,243 	1,479 	2,066 	1,814 	1,362 	398 	90 	34 
2015	강북구	수유1동	8,725 	2,664 	2,306 	1,854 	1,421 	369 	83 	28 
2015	강북구	수유2동	8,256 	1,978 	2,336 	1,965 	1,460 	388 	104 	25 
2015	강북구	수유3동	10,033 	3,877 	2,600 	1,866 	1,257 	313 	91 	29 
2015	강북구	삼양동	10,921 	2,836 	2,990 	2,460 	1,965 	523 	115 	32 
2015	강북구	미아동	9,625 	3,486 	2,439 	1,877 	1,374 	337 	95 	17 
2015	강북구	송중동	11,854 	3,626 	3,077 	2,493 	1,979 	506 	136 	37 
2015	강북구	송천동	11,850 	3,866 	3,119 	2,388 	1,851 	486 	100 	40 
2015	강북구	삼각산동	11,225 	1,690 	2,554 	2,952 	3,144 	701 	137 	47 
2015	강북구	우이동	7,817 	1,844 	2,295 	1,858 	1,289 	387 	100 	44 
2015	강북구	인수동	12,238 	3,083 	3,441 	2,885 	2,122 	514 	143 	50 
2015	도봉구	소계	124,981 	27,348 	33,003 	30,482 	26,199 	6,138 	1,401 	410 
2015	도봉구	쌍문1동	8,113 	1,966 	2,111 	1,886 	1,587 	422 	118 	23 
2015	도봉구	쌍문2동	7,842 	1,962 	2,141 	1,856 	1,455 	317 	80 	31 
2015	도봉구	쌍문3동	7,155 	2,208 	1,858 	1,502 	1,201 	298 	69 	19 
2015	도봉구	쌍문4동	6,788 	970 	1,588 	1,862 	1,859 	411 	74 	24 
2015	도봉구	방학1동	11,616 	2,977 	3,082 	2,621 	2,243 	531 	121 	41 
2015	도봉구	방학2동	8,382 	2,172 	2,391 	1,911 	1,403 	403 	76 	26 
2015	도봉구	방학3동	9,601 	1,049 	2,292 	2,773 	2,699 	628 	125 	35 
2015	도봉구	창1동	10,142 	2,411 	2,649 	2,441 	2,105 	429 	89 	18 
2015	도봉구	창2동	10,946 	2,219 	2,931 	2,768 	2,291 	550 	136 	51 
2015	도봉구	창3동	6,037 	1,695 	1,597 	1,319 	1,091 	265 	54 	16 
2015	도봉구	창4동	9,887 	1,656 	2,397 	2,552 	2,588 	548 	124 	22 
2015	도봉구	창5동	9,171 	1,585 	2,347 	2,463 	2,177 	464 	103 	32 
2015	도봉구	도봉1동	8,878 	2,424 	2,691 	1,938 	1,338 	367 	91 	29 
2015	도봉구	도봉2동	10,423 	2,054 	2,928 	2,590 	2,162 	505 	141 	43 
2015	노원구	소계	204,836 	46,129 	49,939 	49,483 	46,752 	10,096 	1,950 	487 
2015	노원구	월계1동	9,272 	3,236 	2,102 	1,824 	1,601 	386 	93 	30 
2015	노원구	월계2동	11,137 	2,947 	3,107 	2,484 	2,033 	429 	109 	28 
2015	노원구	월계3동	12,400 	2,505 	3,384 	3,233 	2,593 	540 	112 	33 
2015	노원구	공릉2동	15,755 	3,903 	3,323 	3,710 	3,762 	852 	164 	41 
2015	노원구	하계1동	10,522 	2,420 	2,523 	2,466 	2,478 	527 	84 	24 
2015	노원구	하계2동	8,028 	1,119 	1,833 	2,111 	2,385 	495 	69 	16 
2015	노원구	중계본동	8,494 	1,026 	1,639 	2,168 	2,823 	685 	118 	35 
2015	노원구	중계1동	8,770 	811 	1,482 	2,453 	3,319 	603 	92 	10 
2015	노원구	중계4동	7,829 	1,550 	1,986 	1,905 	1,891 	403 	77 	17 
2015	노원구	상계1동	14,507 	2,811 	3,522 	3,708 	3,387 	833 	198 	48 
2015	노원구	상계2동	7,948 	2,073 	1,720 	1,887 	1,748 	404 	97 	19 
2015	노원구	상계5동	9,278 	2,307 	2,443 	2,153 	1,788 	447 	110 	30 
2015	노원구	상계8동	8,889 	1,349 	2,276 	2,497 	2,277 	423 	55 	12 
2015	노원구	상계9동	8,070 	1,297 	2,005 	2,188 	2,123 	389 	60 	8 
2015	노원구	상계10동	7,015 	1,364 	1,959 	1,831 	1,545 	265 	43 	8 
2015	노원구	상계3.4동	13,242 	3,633 	3,573 	2,918 	2,326 	622 	125 	45 
2015	노원구	상계6.7동	12,767 	2,814 	3,217 	3,239 	2,917 	484 	84 	12 
2015	노원구	중계2.3동	14,562 	3,180 	3,980 	3,529 	3,082 	644 	119 	28 
2015	노원구	공릉1동	16,351 	5,784 	3,865 	3,179 	2,674 	665 	141 	43 
2015	은평구	소계	179,752 	43,936 	48,337 	41,330 	34,509 	8,975 	2,087 	578 
2015	은평구	녹번동	12,221 	3,580 	3,398 	2,603 	2,002 	518 	94 	26 
2015	은평구	불광1동	15,457 	3,669 	4,328 	3,771 	2,835 	663 	159 	32 
2015	은평구	갈현1동	9,527 	2,438 	2,701 	2,195 	1,674 	406 	80 	33 
2015	은평구	갈현2동	10,620 	2,322 	2,888 	2,580 	2,104 	555 	134 	37 
2015	은평구	구산동	10,861 	1,845 	2,906 	2,830 	2,419 	633 	175 	53 
2015	은평구	대조동	13,457 	4,677 	3,717 	2,555 	1,893 	468 	119 	28 
2015	은평구	응암1동	12,220 	3,527 	3,278 	2,615 	2,113 	529 	129 	29 
2015	은평구	응암2동	8,505 	2,038 	2,282 	2,025 	1,628 	406 	95 	31 
2015	은평구	신사1동	9,945 	2,089 	2,624 	2,558 	1,994 	514 	122 	44 
2015	은평구	신사2동	7,786 	1,689 	2,125 	1,860 	1,610 	384 	96 	22 
2015	은평구	증산동	6,985 	1,479 	1,923 	1,650 	1,468 	362 	78 	25 
2015	은평구	수색동	6,295 	1,600 	1,778 	1,403 	1,124 	294 	81 	15 
2015	은평구	진관동	16,259 	2,197 	3,455 	3,935 	4,759 	1,489 	332 	92 
2015	은평구	불광2동	11,294 	3,318 	3,244 	2,389 	1,769 	453 	94 	27 
2015	은평구	응암3동	10,747 	3,538 	2,889 	2,164 	1,635 	401 	97 	23 
2015	은평구	역촌동	17,573 	3,930 	4,801 	4,197 	3,482 	900 	202 	61 
2015	서대문구	소계	121,034 	40,160 	29,851 	24,236 	20,088 	5,073 	1,242 	384 
2015	서대문구	천연동	7,468 	2,195 	1,855 	1,621 	1,411 	310 	57 	19 
2015	서대문구	홍제1동	8,821 	2,215 	2,431 	2,034 	1,643 	379 	88 	31 
2015	서대문구	홍제3동	7,343 	1,977 	1,958 	1,670 	1,307 	333 	70 	28 
2015	서대문구	홍제2동	5,419 	1,165 	1,486 	1,330 	1,106 	256 	62 	14 
2015	서대문구	홍은1동	8,838 	2,163 	2,312 	2,003 	1,771 	437 	123 	29 
2015	서대문구	홍은2동	11,185 	3,080 	2,886 	2,456 	2,021 	560 	139 	43 
2015	서대문구	남가좌1동	1,293 	340 	334 	290 	254 	48 	25 	X 
2015	서대문구	남가좌2동	11,427 	4,073 	2,737 	2,180 	1,818 	473 	112 	34 
2015	서대문구	북가좌1동	6,485 	922 	1,711 	1,747 	1,596 	376 	98 	35 
2015	서대문구	북가좌2동	12,532 	2,911 	3,421 	2,967 	2,399 	644 	142 	48 
2015	서대문구	충현동	7,601 	2,766 	1,890 	1,393 	1,141 	306 	78 	27 
2015	서대문구	북아현동	4,075 	1,485 	1,037 	749 	617 	145 	34 	8 
2015	서대문구	신촌동	11,277 	7,649 	1,782 	922 	680 	186 	44 	14 
2015	서대문구	연희동	17,270 	7,219 	4,011 	2,874 	2,324 	620 	170 	52 
2015	마포구	소계	154,981 	52,437 	38,851 	30,747 	25,100 	6,117 	1,357 	372 
2015	마포구	용강동	7,848 	1,893 	2,082 	1,825 	1,598 	355 	74 	21 
2015	마포구	대흥동	7,167 	3,990 	1,621 	819 	540 	145 	38 	14 
2015	마포구	염리동	6,186 	2,422 	1,516 	1,109 	825 	239 	61 	14 
2015	마포구	신수동	8,250 	2,922 	1,930 	1,589 	1,351 	346 	85 	27 
2015	마포구	서교동	13,857 	7,519 	3,030 	1,715 	1,223 	278 	68 	24 
2015	마포구	합정동	8,039 	3,113 	2,207 	1,385 	1,010 	264 	52 	8 
2015	마포구	망원1동	9,038 	3,108 	2,453 	1,697 	1,320 	356 	81 	23 
2015	마포구	망원2동	7,527 	1,866 	1,942 	1,693 	1,563 	346 	91 	26 
2015	마포구	연남동	8,149 	3,465 	2,084 	1,317 	950 	237 	82 	14 
2015	마포구	성산1동	8,368 	2,785 	2,142 	1,672 	1,336 	334 	72 	27 
2015	마포구	성산2동	14,397 	3,304 	3,788 	3,386 	3,060 	679 	143 	37 
2015	마포구	상암동	11,513 	2,733 	2,498 	2,560 	2,729 	798 	156 	39 
2015	마포구	도화동	8,404 	2,216 	2,193 	1,954 	1,515 	426 	80 	20 
2015	마포구	서강동	11,186 	4,341 	2,488 	2,118 	1,756 	384 	77 	22 
2015	마포구	공덕동	14,845 	4,435 	3,988 	3,267 	2,429 	571 	125 	30 
2015	마포구	아현동	10,207 	2,325 	2,889 	2,641 	1,895 	359 	72 	26 
2015	양천구	소계	163,823 	32,832 	38,206 	41,332 	39,905 	9,160 	1,889 	499 
2015	양천구	목1동	9,974 	1,121 	1,870 	2,976 	3,229 	616 	129 	33 
2015	양천구	목2동	11,145 	2,638 	2,778 	2,685 	2,344 	537 	129 	34 
2015	양천구	목3동	8,129 	2,095 	2,121 	1,966 	1,507 	356 	64 	20 
2015	양천구	목4동	9,184 	1,793 	1,916 	2,238 	2,513 	584 	114 	26 
2015	양천구	신월1동	9,247 	2,864 	2,400 	1,926 	1,536 	388 	98 	35 
2015	양천구	신월2동	7,874 	1,425 	2,080 	1,987 	1,735 	482 	130 	35 
2015	양천구	신월3동	7,188 	2,668 	1,829 	1,349 	976 	262 	82 	22 
2015	양천구	신월4동	6,401 	918 	1,493 	1,760 	1,653 	436 	115 	26 
2015	양천구	신월5동	5,548 	1,137 	1,380 	1,418 	1,176 	342 	75 	20 
2015	양천구	신월6동	4,109 	878 	1,091 	950 	882 	249 	44 	15 
2015	양천구	신월7동	8,360 	1,502 	2,479 	2,218 	1,679 	378 	89 	15 
2015	양천구	신정1동	5,698 	744 	1,109 	1,520 	1,828 	400 	82 	15 
2015	양천구	신정2동	6,697 	962 	1,314 	1,724 	2,108 	491 	77 	21 
2015	양천구	신정3동	18,767 	3,883 	4,326 	4,651 	4,449 	1,173 	220 	65 
2015	양천구	신정6동	7,737 	628 	1,477 	2,372 	2,670 	483 	86 	21 
2015	양천구	신정7동	10,709 	2,009 	2,636 	2,716 	2,668 	564 	89 	27 
2015	양천구	목5동	12,863 	1,065 	2,202 	3,876 	4,701 	865 	130 	24 
2015	양천구	신정4동	14,193 	4,502 	3,705 	3,000 	2,251 	554 	136 	45 
2015	강서구	소계	217,636 	56,990 	55,553 	50,022 	42,244 	10,129 	2,117 	581 
2015	강서구	염창동	13,241 	1,767 	2,796 	3,682 	3,945 	847 	171 	33 
2015	강서구	등촌1동	9,392 	3,827 	1,990 	1,738 	1,436 	320 	64 	17 
2015	강서구	등촌2동	7,457 	1,496 	1,859 	1,948 	1,660 	381 	86 	27 
2015	강서구	등촌3동	13,678 	3,640 	3,991 	3,183 	2,323 	437 	85 	19 
2015	강서구	화곡본동	13,764 	3,871 	3,620 	3,088 	2,418 	597 	130 	40 
2015	강서구	화곡2동	7,339 	1,834 	1,935 	1,705 	1,370 	409 	64 	22 
2015	강서구	화곡3동	8,194 	1,822 	2,058 	2,054 	1,651 	465 	107 	37 
2015	강서구	화곡4동	8,802 	2,399 	2,382 	2,015 	1,521 	386 	65 	34 
2015	강서구	화곡6동	9,553 	2,624 	2,474 	2,145 	1,793 	411 	91 	15 
2015	강서구	화곡8동	10,104 	2,480 	2,907 	2,336 	1,813 	439 	102 	27 
2015	강서구	가양1동	8,736 	2,204 	1,976 	2,125 	1,865 	450 	89 	27 
2015	강서구	가양2동	7,482 	2,817 	2,252 	1,399 	770 	191 	41 	12 
2015	강서구	가양3동	7,433 	2,269 	2,362 	1,653 	901 	202 	36 	10 
2015	강서구	발산1동	12,678 	1,627 	2,791 	3,318 	3,765 	958 	186 	33 
2015	강서구	공항동	8,659 	3,432 	2,173 	1,567 	1,101 	309 	61 	16 
2015	강서구	방화1동	14,570 	2,875 	3,482 	3,575 	3,433 	939 	211 	55 
2015	강서구	방화2동	9,893 	3,295 	2,644 	1,989 	1,437 	404 	95 	29 
2015	강서구	방화3동	10,324 	3,053 	2,998 	2,169 	1,643 	361 	77 	23 
2015	강서구	화곡1동	21,425 	7,385 	5,622 	4,321 	3,127 	731 	177 	62 
2015	강서구	우장산동	14,912 	2,273 	3,241 	4,012 	4,272 	892 	179 	43 
2015	구로구	소계	156,528 	40,988 	39,731 	35,289 	30,641 	7,547 	1,840 	492 
2015	구로구	신도림동	12,404 	1,759 	2,955 	3,502 	3,291 	686 	168 	43 
2015	구로구	구로1동	7,469 	1,149 	1,737 	2,039 	2,052 	383 	80 	29 
2015	구로구	구로3동	12,548 	6,118 	2,503 	1,898 	1,525 	370 	103 	31 
2015	구로구	구로4동	10,081 	3,318 	2,892 	2,072 	1,359 	342 	76 	22 
2015	구로구	구로5동	12,670 	4,317 	3,154 	2,480 	2,072 	500 	116 	31 
2015	구로구	고척1동	8,883 	1,904 	2,177 	2,126 	2,064 	460 	127 	25 
2015	구로구	고척2동	10,840 	2,600 	2,585 	2,606 	2,310 	576 	130 	33 
2015	구로구	개봉2동	11,657 	1,961 	3,054 	3,091 	2,633 	684 	184 	50 
2015	구로구	개봉3동	7,768 	1,499 	2,085 	1,966 	1,682 	421 	95 	20 
2015	구로구	오류1동	8,572 	2,831 	2,188 	1,712 	1,355 	369 	91 	26 
2015	구로구	오류2동	15,026 	2,450 	3,970 	3,573 	3,701 	1,050 	223 	59 
2015	구로구	수궁동	8,772 	1,596 	2,412 	2,230 	1,857 	515 	120 	42 
2015	구로구	가리봉동	5,029 	2,303 	1,337 	748 	468 	127 	35 	11 
2015	구로구	구로2동	12,153 	4,266 	3,344 	2,229 	1,701 	454 	127 	32 
2015	구로구	개봉1동	12,656 	2,917 	3,338 	3,017 	2,571 	610 	165 	38 
2015	금천구	소계	93,443 	31,219 	22,485 	19,099 	15,649 	3,816 	904 	271 
2015	금천구	가산동	10,348 	6,116 	1,866 	1,215 	865 	218 	55 	13 
2015	금천구	독산1동	13,476 	5,671 	2,934 	2,340 	1,901 	478 	118 	34 
2015	금천구	독산2동	8,600 	2,742 	2,105 	1,854 	1,447 	350 	77 	25 
2015	금천구	독산3동	10,825 	3,592 	2,781 	2,259 	1,684 	392 	89 	28 
2015	금천구	독산4동	7,100 	2,334 	1,723 	1,522 	1,143 	292 	61 	25 
2015	금천구	시흥1동	13,584 	3,864 	3,497 	2,961 	2,528 	569 	125 	40 
2015	금천구	시흥2동	7,976 	1,288 	1,969 	2,047 	2,011 	478 	134 	49 
2015	금천구	시흥3동	4,416 	905 	1,234 	1,109 	890 	214 	48 	16 
2015	금천구	시흥4동	8,411 	2,048 	2,156 	1,948 	1,692 	448 	97 	22 
2015	금천구	시흥5동	8,707 	2,659 	2,220 	1,844 	1,488 	377 	100 	19 
2015	영등포구	소계	147,745 	48,433 	36,647 	30,391 	24,698 	5,811 	1,369 	396 
2015	영등포구	여의도동	10,910 	1,724 	3,079 	2,994 	2,409 	534 	128 	42 
2015	영등포구	당산1동	8,532 	3,064 	2,202 	1,647 	1,214 	321 	63 	21 
2015	영등포구	당산2동	14,390 	5,472 	3,140 	2,713 	2,376 	501 	152 	36 
2015	영등포구	양평1동	6,971 	2,366 	1,825 	1,436 	1,043 	231 	53 	17 
2015	영등포구	양평2동	7,951 	2,189 	1,784 	1,805 	1,692 	362 	86 	33 
2015	영등포구	신길1동	9,079 	4,069 	2,139 	1,440 	1,047 	304 	63 	17 
2015	영등포구	신길3동	5,894 	1,823 	1,482 	1,228 	1,026 	272 	47 	16 
2015	영등포구	신길4동	4,570 	1,389 	1,241 	944 	736 	208 	42 	10 
2015	영등포구	신길5동	5,772 	1,837 	1,559 	1,129 	924 	233 	69 	21 
2015	영등포구	신길6동	8,386 	2,555 	2,075 	1,817 	1,491 	357 	77 	14 
2015	영등포구	신길7동	5,199 	1,335 	1,219 	1,196 	1,117 	259 	60 	13 
2015	영등포구	대림1동	6,044 	1,984 	1,559 	1,259 	924 	238 	64 	16 
2015	영등포구	대림2동	6,091 	2,130 	1,727 	1,178 	790 	193 	51 	22 
2015	영등포구	대림3동	10,046 	2,798 	2,621 	2,226 	1,848 	408 	114 	31 
2015	영등포구	영등포본동	9,118 	2,828 	2,243 	1,949 	1,636 	368 	71 	23 
2015	영등포구	영등포동	9,455 	5,550 	1,850 	1,038 	764 	196 	44 	13 
2015	영등포구	도림동	8,523 	3,188 	2,238 	1,595 	1,155 	271 	60 	16 
2015	영등포구	문래동	10,814 	2,132 	2,664 	2,797 	2,506 	555 	125 	35 
2015	동작구	소계	161,000 	53,954 	38,290 	32,701 	27,457 	6,660 	1,525 	413 
2015	동작구	노량진2동	6,546 	2,949 	1,584 	1,019 	740 	193 	53 	8 
2015	동작구	상도1동	19,365 	7,160 	4,216 	3,862 	3,190 	745 	151 	41 
2015	동작구	상도2동	9,970 	3,390 	2,391 	1,954 	1,722 	389 	99 	25 
2015	동작구	상도3동	9,690 	3,017 	2,383 	2,071 	1,631 	423 	117 	48 
2015	동작구	상도4동	11,234 	3,075 	2,907 	2,542 	2,074 	502 	106 	28 
2015	동작구	사당1동	10,633 	4,615 	2,654 	1,773 	1,203 	297 	75 	16 
2015	동작구	사당3동	8,843 	2,136 	2,360 	2,034 	1,762 	428 	100 	23 
2015	동작구	사당4동	5,907 	1,713 	1,650 	1,276 	997 	223 	39 	9 
2015	동작구	사당5동	5,257 	1,524 	1,363 	1,190 	880 	238 	51 	11 
2015	동작구	대방동	14,460 	4,042 	3,270 	3,056 	3,140 	750 	162 	40 
2015	동작구	신대방1동	9,009 	2,296 	2,045 	2,032 	2,003 	508 	98 	27 
2015	동작구	신대방2동	7,944 	2,431 	1,810 	1,653 	1,542 	393 	88 	27 
2015	동작구	흑석동	14,705 	5,630 	3,213 	2,794 	2,321 	551 	156 	40 
2015	동작구	노량진1동	16,295 	7,270 	3,327 	2,728 	2,261 	553 	122 	34 
2015	동작구	사당2동	11,142 	2,706 	3,117 	2,717 	1,991 	467 	108 	36 
2015	관악구	소계	228,636 	100,302 	51,894 	37,713 	29,232 	7,290 	1,709 	496 
2015	관악구	보라매동	10,455 	3,576 	2,672 	2,094 	1,583 	412 	94 	24 
2015	관악구	청림동	6,070 	1,284 	1,611 	1,583 	1,234 	255 	85 	18 
2015	관악구	행운동	14,676 	7,456 	3,242 	1,977 	1,511 	352 	113 	25 
2015	관악구	낙성대동	9,262 	5,449 	1,765 	1,064 	717 	209 	43 	15 
2015	관악구	중앙동	7,341 	3,767 	1,659 	961 	701 	203 	38 	12 
2015	관악구	인헌동	12,839 	5,732 	2,897 	2,040 	1,666 	383 	97 	24 
2015	관악구	남현동	7,705 	2,917 	2,038 	1,385 	1,055 	247 	48 	15 
2015	관악구	서원동	11,642 	5,836 	2,686 	1,716 	1,068 	256 	59 	21 
2015	관악구	신원동	8,518 	3,605 	2,214 	1,437 	967 	222 	51 	22 
2015	관악구	서림동	12,620 	7,016 	2,376 	1,627 	1,174 	316 	90 	21 
2015	관악구	신사동	11,160 	5,321 	2,452 	1,696 	1,288 	308 	70 	25 
2015	관악구	신림동	12,726 	9,098 	2,181 	812 	484 	123 	25 	X 
2015	관악구	난향동	5,818 	1,090 	1,496 	1,453 	1,316 	364 	75 	24 
2015	관악구	조원동	8,297 	3,927 	1,975 	1,199 	906 	230 	41 	19 
2015	관악구	대학동	13,540 	8,984 	1,989 	1,288 	965 	239 	57 	18 
2015	관악구	은천동	13,963 	4,181 	3,498 	3,058 	2,483 	563 	141 	39 
2015	관악구	성현동	11,871 	2,400 	3,105 	2,920 	2,642 	624 	137 	43 
2015	관악구	청룡동	15,766 	9,221 	3,042 	1,763 	1,278 	366 	76 	20 
2015	관악구	난곡동	11,627 	3,364 	3,050 	2,595 	1,965 	500 	116 	37 
2015	관악구	삼성동	10,327 	2,736 	2,809 	2,282 	1,851 	492 	133 	24 
2015	관악구	미성동	12,413 	3,342 	3,137 	2,763 	2,378 	626 	120 	47 
2015	서초구	소계	154,031 	37,496 	37,093 	35,934 	32,829 	8,255 	1,828 	596 
2015	서초구	서초1동	8,025 	2,678 	1,892 	1,659 	1,335 	336 	85 	40 
2015	서초구	서초2동	7,466 	1,902 	1,857 	1,793 	1,465 	350 	75 	24 
2015	서초구	서초3동	10,743 	3,095 	2,748 	2,293 	1,910 	517 	134 	46 
2015	서초구	서초4동	8,834 	1,277 	1,896 	2,388 	2,580 	549 	109 	35 
2015	서초구	잠원동	12,096 	3,127 	2,912 	2,814 	2,607 	503 	100 	33 
2015	서초구	반포본동	3,717 	265 	841 	1,077 	1,195 	263 	61 	15 
2015	서초구	반포1동	12,166 	4,826 	2,333 	2,200 	2,121 	515 	128 	43 
2015	서초구	반포2동	5,592 	499 	1,127 	1,595 	1,779 	461 	99 	32 
2015	서초구	반포3동	6,356 	759 	1,430 	1,850 	1,853 	393 	58 	13 
2015	서초구	반포4동	6,476 	1,079 	1,590 	1,766 	1,578 	359 	82 	22 
2015	서초구	방배본동	7,141 	1,475 	1,606 	1,704 	1,778 	427 	109 	42 
2015	서초구	방배1동	6,480 	1,914 	1,693 	1,430 	1,094 	265 	60 	24 
2015	서초구	방배2동	10,111 	2,594 	2,689 	2,272 	1,961 	464 	96 	35 
2015	서초구	방배3동	7,866 	1,359 	2,079 	2,102 	1,775 	435 	91 	25 
2015	서초구	방배4동	9,295 	2,407 	2,288 	2,157 	1,830 	480 	97 	36 
2015	서초구	양재1동	16,182 	3,689 	4,066 	3,523 	3,342 	1,202 	279 	81 
2015	서초구	양재2동	9,402 	3,428 	2,371 	1,721 	1,399 	388 	81 	14 
2015	서초구	내곡동	6,083 	1,123 	1,675 	1,590 	1,227 	348 	84 	36 
2015	강남구	소계	211,357 	61,897 	51,614 	45,477 	40,514 	9,322 	1,974 	559 
2015	강남구	신사동	6,861 	2,074 	1,857 	1,450 	1,132 	274 	55 	19 
2015	강남구	논현1동	12,205 	6,419 	3,068 	1,440 	944 	248 	66 	20 
2015	강남구	논현2동	9,983 	4,063 	2,681 	1,710 	1,139 	299 	72 	19 
2015	강남구	삼성1동	5,137 	1,142 	1,332 	1,279 	1,063 	236 	65 	20 
2015	강남구	삼성2동	11,587 	3,659 	2,724 	2,409 	2,206 	465 	94 	30 
2015	강남구	대치1동	5,857 	288 	964 	1,734 	2,253 	505 	89 	24 
2015	강남구	대치4동	9,166 	3,779 	2,238 	1,542 	1,251 	282 	64 	10 
2015	강남구	역삼1동	18,741 	10,553 	4,542 	2,041 	1,155 	336 	87 	27 
2015	강남구	역삼2동	12,666 	3,771 	2,754 	2,750 	2,695 	554 	108 	34 
2015	강남구	도곡1동	7,581 	1,651 	1,727 	1,914 	1,812 	353 	97 	27 
2015	강남구	도곡2동	10,835 	1,435 	2,586 	3,154 	2,891 	619 	127 	23 
2015	강남구	개포1동	7,716 	1,748 	2,067 	1,861 	1,621 	351 	57 	11 
2015	강남구	개포4동	8,254 	2,408 	2,041 	1,818 	1,517 	387 	69 	14 
2015	강남구	일원본동	7,571 	908 	1,612 	2,067 	2,360 	492 	97 	35 
2015	강남구	일원1동	6,856 	2,186 	1,785 	1,407 	1,110 	285 	65 	18 
2015	강남구	일원2동	6,168 	1,511 	1,731 	1,473 	1,188 	215 	39 	11 
2015	강남구	수서동	6,948 	2,412 	2,340 	1,313 	697 	146 	28 	12 
2015	강남구	세곡동	14,422 	3,573 	3,183 	3,004 	3,131 	1,142 	307 	82 
2015	강남구	압구정동	9,321 	1,773 	2,665 	2,451 	1,843 	445 	109 	35 
2015	강남구	청담동	10,797 	2,806 	2,746 	2,562 	2,061 	478 	102 	42 
2015	강남구	대치2동	12,604 	1,544 	2,465 	3,588 	4,102 	756 	114 	35 
2015	강남구	개포2동	10,081 	2,194 	2,506 	2,510 	2,343 	454 	63 	11 
2015	송파구	소계	230,941 	53,481 	55,654 	55,334 	51,635 	11,717 	2,449 	671 
2015	송파구	풍납1동	6,859 	2,047 	1,744 	1,504 	1,163 	305 	68 	28 
2015	송파구	풍납2동	9,695 	2,360 	2,263 	2,365 	2,155 	413 	111 	28 
2015	송파구	거여1동	5,162 	1,140 	1,197 	1,206 	1,206 	326 	72 	15 
2015	송파구	거여2동	9,169 	2,198 	2,469 	2,121 	1,842 	418 	95 	26 
2015	송파구	마천1동	8,211 	2,038 	2,140 	1,826 	1,597 	477 	104 	29 
2015	송파구	마천2동	7,608 	1,726 	2,090 	1,778 	1,529 	372 	90 	23 
2015	송파구	방이1동	5,440 	1,065 	1,233 	1,320 	1,386 	324 	92 	20 
2015	송파구	방이2동	10,811 	4,047 	2,701 	2,107 	1,521 	345 	68 	22 
2015	송파구	오륜동	5,539 	288 	1,094 	1,672 	1,969 	410 	75 	31 
2015	송파구	오금동	12,233 	2,220 	3,021 	3,126 	3,014 	676 	139 	37 
2015	송파구	송파1동	10,717 	3,697 	2,669 	2,167 	1,678 	401 	79 	26 
2015	송파구	송파2동	6,802 	859 	1,530 	1,933 	1,889 	476 	83 	32 
2015	송파구	석촌동	14,241 	5,077 	3,644 	2,666 	2,209 	506 	103 	36 
2015	송파구	삼전동	13,888 	4,861 	3,601 	2,703 	2,107 	500 	95 	21 
2015	송파구	가락본동	10,227 	2,603 	2,467 	2,405 	2,138 	491 	97 	26 
2015	송파구	가락1동	215 	20 	48 	56 	65 	20 	X 	X 
2015	송파구	가락2동	11,199 	1,805 	2,389 	2,914 	3,231 	688 	131 	41 
2015	송파구	문정1동	7,457 	1,535 	1,800 	1,880 	1,721 	407 	91 	23 
2015	송파구	문정2동	6,760 	2,129 	1,557 	1,418 	1,277 	273 	87 	19 
2015	송파구	장지동	12,145 	2,257 	3,040 	3,065 	2,870 	727 	157 	29 
2015	송파구	위례동	3,493 	426 	763 	809 	1,039 	361 	79 	16 
2015	송파구	잠실본동	12,782 	5,036 	3,147 	2,316 	1,774 	400 	87 	22 
2015	송파구	잠실4동	9,545 	1,064 	2,229 	2,912 	2,670 	544 	93 	33 
2015	송파구	잠실6동	5,409 	546 	1,367 	1,629 	1,439 	334 	74 	20 
2015	송파구	잠실7동	3,172 	291 	866 	914 	889 	162 	40 	10 
2015	송파구	잠실2동	10,995 	1,136 	2,016 	3,157 	3,911 	644 	106 	25 
2015	송파구	잠실3동	11,167 	1,010 	2,569 	3,365 	3,346 	717 	129 	31 
2015	강동구	소계	164,094 	39,897 	39,877 	38,478 	35,173 	8,344 	1,867 	458 
2015	강동구	강일동	10,109 	1,048 	2,206 	2,381 	3,110 	1,093 	223 	48 
2015	강동구	상일동	8,280 	1,268 	2,012 	2,286 	2,149 	472 	72 	21 
2015	강동구	명일1동	7,661 	1,322 	1,662 	2,037 	2,061 	449 	110 	20 
2015	강동구	명일2동	5,482 	550 	1,098 	1,471 	1,856 	409 	79 	19 
2015	강동구	고덕1동	5,209 	878 	1,061 	1,346 	1,450 	372 	87 	15 
2015	강동구	고덕2동	3,677 	1,254 	888 	758 	592 	147 	28 	10 
2015	강동구	암사2동	5,662 	1,254 	1,372 	1,404 	1,317 	244 	60 	11 
2015	강동구	암사3동	5,808 	589 	1,218 	1,696 	1,834 	370 	73 	28 
2015	강동구	천호1동	11,174 	3,213 	2,919 	2,476 	1,961 	463 	118 	24 
2015	강동구	천호3동	10,606 	3,830 	2,840 	2,051 	1,408 	340 	107 	30 
2015	강동구	성내1동	6,686 	1,404 	1,560 	1,760 	1,477 	380 	88 	17 
2015	강동구	성내2동	10,719 	3,945 	2,794 	2,010 	1,492 	351 	98 	29 
2015	강동구	성내3동	9,339 	2,514 	2,371 	2,152 	1,769 	430 	79 	24 
2015	강동구	둔촌1동	5,865 	552 	1,338 	1,830 	1,784 	313 	40 	8 
2015	강동구	둔촌2동	9,839 	1,957 	2,317 	2,510 	2,370 	541 	112 	32 
2015	강동구	암사1동	14,086 	3,966 	3,543 	3,150 	2,619 	614 	158 	36 
2015	강동구	천호2동	14,853 	5,212 	3,940 	2,825 	2,211 	497 	123 	45 
2015	강동구	길동	19,039 	5,141 	4,738 	4,335 	3,713 	859 	212 	41 
